10101010101010101010122020000001111111111111111111111111111110111111111111111111111111222222222222222222222222222222222111111111111112220000000000011111111111122222200000000001111111111222222000000000000000000000000000000000000000000022222222212010201020121022220202020202020202020202020202020202020210201200000000000000000100002000000000000000100000000002222222222222222000000000000000100000000000000000000
10101010101010101010122020000001111111111111111111111111111110111111111111111111111111222222222222222222222222222222222111111111111112220000000000011111111111122222200000000001111111111222222000000000000000000000000000000000000000000022222222212010201020121022220202020202020202020202020202020202020210201200000000000000000100002000000000000000100000000002222222222222222000000000000000100000000000000000000
10101010101010101010122020000001111111111111111111111111111110111111111111111111111111222222222222222222222222222222222111111111111112220000000000011111111111122222200000000001111111111222222000000000000000000000000000000000000000000022222222212010201020121022220202020202020202020202020202020202020210201200000000000000000100002000000000000000100000000002222222222222222000000000000000100000000000000000000
10101010101010101010122020000001111111111111111111111111111110111111111111111111111111222222222222222222222222222222222111111111111112220000000000011111111111122222200000000001111111111222222000000000000000000000000000000000000000000022222222212010201020121022220202020202020202020202020202020202020210201200000000000000000100002000000000000000100000000002222222222222222000000000000000100000000000000000000
10101010101010101010122020000001111111111111111111111111111110111111111111111111111111222222222222222222222222222222222111111111111112220000000000011111111111122222200000000001111111111222222000000000000000000000000000000000000000000022222222212010201020121022220202020202020202020202020202020202020210201200000000000000000100002000000000000000100000000002222222222222222000000000000000100000000000000000000
10101010101010101010122020000001111111111111111111111111111110111111111111111111111111222222222222222222222222222222222111111111111112220000000000011111111111122222200000000001111111111222222000000000000000000000000000000000000000000022222222212010201020121022220202020202020202020202020202020202020210201200000000000000000100002000000000000000100000000002222222222222222000000000000000100000000000000000000
10101010101010101010122020000001111111111111111111111111111110111111111111111111111111222222222222222222222222222222222111111111111112220000000000011111111111122222200000000001111111111222222000000000000000000000000000000000000000000022222222212010201020121022220202020202020202020202020202020202020210201200000000000000000100002000000000000000100000000002222222222222222000000000000000100000000000000000000
10101010101010101010122020000001111111111111111111111111111110111111111111111111111111222222222222222222222222222222222111111111111112220000000000011111111111122222200000000001111111111222222000000000000000000000000000000000000000000022222222212010201020121022220202020202020202020202020202020202020210201200000000000000000100002000000000000000100000000002222222222222222000000000000000100000000000000000000
10101010101010101010122020000001111111111111111111111111111110111111111111111111111111222222222222222222222222222222222111111111111112220000000000011111111111122222200000000001111111111222222000000000000000000000000000000000000000000022222222212010201020121022220202020202020202020202020202020202020210201200000000000000000100002000000000000000100000000002222222222222222000000000000000100000000000000000000
10101010101010101010122020000001111111111111111111111111111110111111111111111111111111222222222222222222222222222222222111111111111112220000000000011111111111122222200000000001111111111222222000000000000000000000000000000000000000000022222222212010201020121022220202020202020202020202020202020202020210201200000000000000000100002000000000000000100000000002222222222222222000000000000000100000000000000000000
10101010101010101010122020000001111111111111111111111111111110111111111111111111111111222222222222222222222222222222222111111111111112220000000000011111111111122222200000000001111111111222222000000000000000000000000000000000000000000022222222212010201020121022220202020202020202020202020202020202020210201200000000000000000100002000000000000000100000000002222222222222222000000000000000100000000000000000000
10101010101010101010122020000001111111111111111111111111111110111111111111111111111111222222222222222222222222222222222111111111111112220000000000011111111111122222200000000001111111111222222000000000000000000000000000000000000000000022222222212010201020121022220202020202020202020202020202020202020210201200000000000000000100002000000000000000100000000002222222222222222000000000000000100000000000000000000
10101010101010101010122020000001111111111111111111111111111110111111111111111111111111222222222222222222222222222222222111111111111112220000000000011111111111122222200000000001111111111222222000000000000000000000000000000000000000000022222222212010201020121022220202020202020202020202020202020202020210201200000000000000000100002000000000000000100000000002222222222222222000000000000000100000000000000000000
10101010101010101010122020000001111111111111111111111111111110111111111111111111111111222222222222222222222222222222222111111111111112220000000000011111111111122222200000000001111111111222222000000000000000000000000000000000000000000022222222212010201020121022220202020202020202020202020202020202020210201200000000000000000100002000000000000000100000000002222222222222222000000000000000100000000000000000000
10101010101010101010122020000001111111111111111111111111111110111111111111111111111111222222222222222222222222222222222111111111111112220000000000011111111111122222200000000001111111111222222000000000000000000000000000000000000000000022222222212010201020121022220202020202020202020202020202020202020210201200000000000000000100002000000000000000100000000002222222222222222000000000000000100000000000000000000
10101010101010101010122020000001111111111111111111111111111110111111111111111111111111222222222222222222222222222222222111111111111112220000000000011111111111122222200000000001111111111222222000000000000000000000000000000000000000000022222222212010201020121022220202020202020202020202020202020202020210201200000000000000000100002000000000000000100000000002222222222222222000000000000000100000000000000000000
10101010101010101010122020000001111111111111111111111111111110111111111111111111111111222222222222222222222222222222222111111111111112220000000000011111111111122222200000000001111111111222222000000000000000000000000000000000000000000022222222212010201020121022220202020202020202020202020202020202020210201200000000000000000100002000000000000000100000000002222222222222222000000000000000100000000000000000000
10101010101010101010122020000001111111111111111111111111111110111111111111111111111111222222222222222222222222222222222111111111111112220000000000011111111111122222200000000001111111111222222000000000000000000000000000000000000000000022222222212010201020121022220202020202020202020202020202020202020210201200000000000000000100002000000000000000100000000002222222222222222000000000000000100000000000000000000
10101010101010101010122020000001111111111111111111111111111110111111111111111111111111222222222222222222222222222222222111111111111112220000000000011111111111122222200000000001111111111222222000000000000000000000000000000000000000000022222222212010201020121022220202020202020202020202020202020202020210201200000000000000000100002000000000000000100000000002222222222222222000000000000000100000000000000000000
10101010101010101010122020000001111111111111111111111111111110111111111111111111111111222222222222222222222222222222222111111111111112220000000000011111111111122222200000000001111111111222222000000000000000000000000000000000000000000022222222212010201020121022220202020202020202020202020202020202020210201200000000000000000100002000000000000000100000000002222222222222222000000000000000100000000000000000000
10101010101010101010122020000001111111111111111111111111111110111111111111111111111111222222222222222222222222222222222111111111111112220000000000011111111111122222200000000001111111111222222000000000000000000000000000000000000000000022222222212010201020121022220202020202020202020202020202020202020210201200000000000000000100002000000000000000100000000002222222222222222000000000000000100000000000000000000
10101010101010101010122020000001111111111111111111111111111110111111111111111111111111222222222222222222222222222222222111111111111112220000000000011111111111122222200000000001111111111222222222222222201210222202020202020202020202020202020202020202102012000000000000000001000020000000000000001000000000022222222222222220000000000000001000000000000000000001010101010101010101012202000000111111111111111111111
10101010101010101010122020000001111111111111111111111111111110111111111111111111111111222222222222222222222222222222222111111111111112220000000000011111111111122222200000000001111111111222222000000000000000000000000000000000000000000022222222212010201020121022220202020202020202020202020202020202020210201200000000000000000100002000000000000000100000000002222222222222222000000000000000100000000000000000000
10101010101010101010122020000001111111111111111111111111111110111111111111111111111111222222222222222222222222222222222111111111111112220000000000011111111111122222200000000001111111111222222000000000000000000000000000000000000000000022222222212010201020121022220202020202020202020202020202020202020210201200000000000000000100002000000000000000100000000002222222222222222000000000000000100000000000000000000
10101010101010101010122020000001111111111111111111111111111110111111111111111111111111222222222222222222222222222222222111111111111112220000000000011111111111122222200000000001111111111222222000000000000000000000000000000000000000000022222222212010201020121022220202020202020202020202020202020202020210201200000000000000000100002000000000000000100000000002222222222222222000000000000000100000000000000000000
10101010101010101010122020000001111111111111111111111111111110111111111111111111111111222222222222222222222222222222222111111111111112220000000000011111111111122222200000000001111111111222222000000000000000000000000000000000000000000022222222212010201020121022220202020202020202020202020202020202020210201200000000000000000100002000000000000000100000000002222222222222222000000000000000100000000000000000000
10101010101010101010122020000001111111111111111111111111111110111111111111111111111111222222222222222222222222222222222111111111111112220000000000011111111111122222200000000001111111111222222000000000000000000000000000000000000000000022222222212010201020121022220202020202020202020202020202020202020210201200000000000000000100002000000000000000100000000002222222222222222000000000000000100000000000000000000
10101010101010101010122020000001111111111111111111111111111110111111111111111111111111222222222222222222222222222222222111111111111112220000000000011111111111122222200000000001111111111222222000000000000000000000000000000000000000000022222222212010201020121022220202020202020202020202020202020202020210201200000000000000000100002000000000000000100000000002222222222222222000000000000000100000000000000000000
10101010101010101010122020000001111111111111111111111111111110111111111111111111111111222222222222222222222222222222222111222222222222222222210000000000000000002222222222222222222222222222211111100000000000000000000000222222222222222222222222222221111100000000011111111111111111111011111111111111111111111122222222222222222222222222222222211111111111111222000000000001111111111112222220000000000111111111122
10101010101010101010122020000001111111111111111111111111111110111111111111111111111111222222222222222222222222222222222111111111111112220000000000011111111111122222200000000001111111111222222000000000000000000000000000000000000000000022222222212010201020121022220202020202020202020202020202020202020210201200000000000000000100002000000000000000100000000002222222222222222000000000000000100000000000000000000
10101010101010101010122020000001111111111111111111111111111110111111111111111111111111222222222222222222222222222222222111111111111112220000000000011111111111122222200000000001111111111222222000000000000000000000000000000000000000000022222222212010201020121022220202020202020202020202020202020202020210201200000000000000000100002000000000000000100000000002222222222222222000000000000000100000000000000000000
